700
-61 -84 -26 34 1
-67 23 55 -69 1
-42 -95 83 -74 1
-57 -27 -36 -76 1
-26 -45 -2 79 0
47 -34 -46 -47 1
79 -70 18 -45 1
26 15 2 88 0
35 60 31 60 0
-70 -74 -67 -12 1
-27 81 84 56 0
68 13 52 -27 1
33 -64 61 -49 1
-87 -45 -32 24 1
75 8 87 5 0
48 77 88 8 0
-62 -72 -35 -47 1
-12 86 73 5 0
-1 -32 -39 -41 1
-76 -56 18 37 1
55 -4 98 -54 1
31 35 25 35 0
-87 -88 23 -84 1
41 80 71 -24 0
-100 1 -74 -39 1
17 4 -54 -39 0
26 -19 -20 24 0
49 25 85 -88 1
-93 80 -56 97 0
32 82 72 -64 1
56 50 -22 -62 0
-64 90 -47 -10 0
-32 -58 91 -62 1
-33 -87 84 -94 1
-87 69 63 35 1
3 -93 -66 -30 1
6 93 31 48 0
-63 -4 87 -34 1
-2 52 46 62 0
-58 56 -60 -33 1
28 76 -51 65 0
-2 38 -56 5 0
25 20 39 -98 1
1 67 -62 -62 0
-97 -67 78 91 1
14 6 19 27 0
-62 54 21 -17 1
-21 83 29 37 0
51 35 -87 92 0
-43 -66 -86 12 1
-93 5 -32 33 1
87 31 3 67 0
-30 -33 -29 -39 1
15 -50 10 32 0
33 62 -58 -65 0
92 50 -9 70 0
0 34 -66 -7 0
-90 -2 7 -34 1
29 46 -71 54 0
-35 70 5 -42 1
96 25 -14 -75 0
46 -22 77 -5 1
76 -51 54 85 0
-55 -39 47 99 0
42 18 43 -87 1
-57 76 -53 -20 0
98 50 45 24 0
-54 -65 -78 -44 1
96 87 95 67 0
-25 -19 -92 2 0
-88 41 -17 34 0
-38 77 -23 -35 0
-85 -51 -21 -86 1
25 -99 -14 -37 1
-2 -40 -36 44 0
-93 39 12 58 0
76 26 -30 -12 0
-97 -79 -71 38 1
-60 -45 72 67 1
-95 -2 -56 6 1
6 61 22 -84 1
58 -99 17 51 0
96 -49 25 79 0
15 -100 37 39 1
29 96 -64 0 0
-54 91 -61 -85 1
-43 80 55 -66 1
20 81 84 -91 1
-9 -70 49 76 1
-12 -94 -69 -43 1
79 59 -53 5 0
21 11 -34 83 0
-34 85 -64 37 0
-38 -78 -49 -59 1
76 67 23 2 0
-21 56 62 -36 1
-3 16 60 -71 1
-25 29 -62 47 0
-9 -15 -22 9 0
16 -8 57 -33 1
14 -76 32 19 1
5 -49 -88 -100 1
-98 3 51 -84 1
-69 -16 -76 -3 1
40 -88 49 -76 1
-10 -6 19 51 0
-6 -66 5 59 0
-30 -39 -57 36 0
84 -67 79 87 0
31 86 -27 -49 0
41 36 29 47 0
-26 -6 -76 -94 1
-71 37 89 52 1
7 81 -36 95 0
94 -61 -62 -58 1
-37 -85 56 5 1
41 30 -78 -9 0
-6 -35 -89 -15 0
-79 -50 -86 -22 1
14 28 -1 -68 1
-25 89 -91 4 0
15 -93 -90 -84 1
-1 86 80 -71 1
30 41 -39 3 0
-20 89 -89 9 0
-56 -73 -92 -53 1
12 1 -77 59 0
-11 44 99 94 0
-86 61 52 -99 1
91 72 99 -71 1
77 -4 -88 35 0
24 -9 10 -5 1
-67 86 -99 84 0
-36 94 -97 41 0
-71 97 -35 -23 0
-11 63 23 45 0
-85 -13 77 -97 1
-45 -87 -34 63 1
32 18 46 -76 1
-76 -29 -89 -45 1
79 38 13 -34 0
-88 90 31 -47 1
99 87 -67 -93 0
76 81 -75 -69 0
-25 -55 -59 -53 1
-49 99 90 86 0
28 57 84 -56 1
-99 7 -12 72 0
62 -55 55 93 0
-22 -37 -53 72 0
96 88 8 16 0
55 18 79 5 0
-100 21 -89 88 0
-34 -57 72 93 1
-93 -29 18 35 1
-73 -25 -7 -29 1
76 -65 66 -72 1
63 -2 27 24 0
-32 29 -8 78 0
-14 5 -74 -34 1
-53 28 7 47 0
0 -20 27 59 0
-40 -47 84 -24 1
7 93 47 4 0
-33 -68 -44 -66 1
41 54 54 -87 1
-8 -34 27 2 1
82 48 -70 21 0
89 -44 -8 0 0
-29 -28 6 98 0
-2 -41 38 -82 1
-37 -44 25 -70 1
-37 -35 -68 -41 1
-54 33 -24 -81 1
-35 -12 78 27 1
72 44 12 18 0
15 -52 -44 -10 1
47 3 13 93 0
16 -27 -13 -94 1
0 20 -80 0 0
-93 84 -64 -18 0
-50 59 -14 -74 1
-26 71 88 -11 1
88 -73 56 -21 1
-28 -11 94 -14 1
93 59 8 44 0
-65 -5 85 -85 1
-36 -82 -6 46 1
32 44 -52 19 0
-19 -5 -48 22 0
-42 31 -11 72 0
-57 -76 31 68 1
-14 78 -92 52 0
-40 41 -75 -48 1
-82 84 -63 6 0
-83 -66 -67 -11 1
54 -71 53 -99 1
20 18 22 -96 1
-55 8 38 95 0
-13 -46 -64 7 0
66 -62 -62 51 0
-51 44 -72 -17 0
-74 -5 -19 79 0
-89 91 39 71 0
-40 33 95 15 1
17 -67 19 14 1
24 -84 18 16 1
83 -64 -41 -21 0
-91 -82 -96 29 1
36 12 -86 14 0
51 -84 73 88 0
58 17 -78 -94 1
50 -31 -95 29 0
-54 32 -22 93 0
91 -59 37 -28 1
-72 -19 74 95 1
-56 -9 42 79 0
1 -30 70 -55 1
62 -20 -96 56 0
52 -66 42 -52 1
98 -60 95 33 0
0 -6 33 0 1
90 -50 -1 71 0
70 44 -56 72 0
-8 -11 -20 -20 1
30 42 -39 -51 0
44 5 -31 -98 1
74 -10 -22 54 0
78 -40 -13 7 0
-26 -45 84 18 1
63 -76 5 -24 1
-14 89 -13 -6 0
21 62 -16 -52 0
-86 81 35 -73 1
-22 -74 77 40 1
-52 -23 -14 -75 1
-22 -38 37 -34 1
-65 7 88 -38 1
-92 -21 -80 -24 1
-62 35 56 29 1
42 1 21 -96 1
-19 -86 97 -86 1
32 26 -87 72 0
38 73 7 69 0
31 -64 -20 4 1
-13 73 68 -15 1
-50 -89 -71 -97 1
44 38 -58 -13 0
-17 4 18 -10 1
62 -79 -90 93 0
-37 63 -61 26 0
-91 82 99 -100 1
-62 57 -75 51 0
-17 36 93 45 0
86 -99 20 -30 1
20 17 -93 60 0
47 -75 90 81 0
-20 -27 -98 37 0
-26 14 27 16 1
-90 12 -85 -43 1
-48 -79 29 85 1
-72 34 68 -16 1
73 -99 40 -28 1
75 -20 26 88 0
30 -71 -62 -46 1
-43 -88 96 75 1
-22 -34 67 67 1
63 -24 -27 -27 0
28 -45 99 -97 1
-55 40 28 -75 1
24 -3 -5 6 0
-77 -90 -92 -87 1
-93 61 -77 -3 0
-24 -48 18 62 0
16 8 22 24 0
59 -25 -63 5 0
-62 -4 58 -24 1
37 53 -55 45 0
-70 -31 -11 -9 1
39 -72 8 43 0
-71 -30 -52 -65 1
-58 51 69 58 0
-91 59 -45 28 0
-91 17 38 93 0
-95 73 47 -18 1
-11 93 -68 28 0
-88 -90 20 74 1
-12 96 -95 -77 0
20 -38 75 -92 1
-15 56 -74 31 0
-81 -48 94 51 1
-72 74 1 68 0
-22 12 95 -52 1
67 -81 23 -99 1
-8 -62 -21 61 0
-70 4 -15 33 1
56 90 -57 -19 0
2 -88 -5 -94 1
-100 44 -1 -18 1
-13 94 36 -92 1
46 -77 -26 17 0
18 37 42 -78 1
-22 -48 84 -31 1
-60 0 30 -10 1
-73 14 -29 1 1
76 -7 -15 -96 1
42 -98 59 -78 1
-34 -45 -12 -16 1
-99 -1 97 71 1
-15 -27 35 -52 1
1 -37 76 -49 1
-85 -46 91 77 1
4 94 20 -56 0
-38 85 6 -54 1
70 -19 -73 31 0
-23 -30 5 -95 1
-80 67 -63 25 0
18 -41 -83 43 0
-3 -12 -65 58 0
-84 -70 -85 57 1
-78 -19 -31 -87 1
-13 -2 40 -56 1
-73 -97 -39 3 1
-74 79 -10 47 0
36 71 -47 -45 0
21 59 65 -35 1
12 -69 43 33 1
29 30 -73 -82 1
40 -100 65 84 0
4 -78 -41 67 0
1 -41 -24 -30 1
13 -76 -26 48 0
46 -99 81 75 1
-36 4 -44 -56 1
41 33 -58 -44 0
-53 56 -86 71 0
-15 -71 -44 55 0
-18 -51 -12 19 1
61 -32 -24 -14 0
22 33 69 26 0
20 -47 -100 0 0
-79 -20 -9 -73 1
-72 84 -68 78 0
-57 87 -61 -49 0
-63 -49 75 -68 1
-87 70 -86 -45 1
-39 91 7 60 0
52 56 7 83 0
11 78 -92 3 0
18 -39 -75 54 0
-28 86 -61 -17 0
85 67 -58 -73 0
-36 -21 -95 11 0
64 -9 95 -77 1
46 55 84 -99 1
68 -30 -52 -57 1
-84 -82 29 -36 1
80 74 -75 -80 0
-65 -47 83 73 1
-1 71 -85 -16 0
78 90 95 42 0
39 66 -62 0 0
-30 -41 -21 47 0
46 61 -29 41 0
-35 27 -4 22 0
33 31 -79 6 0
-49 22 -62 -1 0
-79 12 -83 57 0
53 -13 41 9 0
-37 17 -6 -36 1
-82 81 15 -66 1
97 -68 -86 -75 1
-54 29 13 -56 1
64 17 59 -31 1
53 -57 87 -1 1
-21 -91 -13 -33 1
9 -93 -3 73 0
-79 69 82 77 0
35 -2 -69 -5 0
-11 40 49 -46 1
27 51 -41 -46 0
-32 17 14 -34 1
-22 -92 17 -26 1
-36 83 45 -96 1
43 71 41 8 0
88 62 -71 36 0
23 -66 -22 -32 1
90 23 -28 -47 0
-24 13 -65 -4 0
-14 41 -89 -80 1
-39 -2 -85 23 0
5 -46 -19 -21 1
29 -79 48 17 1
-93 13 99 -11 1
79 4 12 -71 1
50 -75 4 61 0
-6 -16 -58 29 0
-69 30 71 72 0
-51 -26 30 -5 1
-89 62 -60 95 0
86 58 59 -13 0
-24 73 -39 -99 1
-91 57 58 19 1
32 -29 -48 5 0
37 -29 -70 -75 1
89 86 81 -58 0
-79 42 -12 -97 1
16 -50 -21 -87 1
-62 -97 29 49 1
90 -74 47 -19 1
41 -61 -88 -11 0
-16 -62 -21 -86 1
56 90 -2 61 0
-37 74 -23 29 0
84 -53 -99 15 0
-31 39 67 -94 1
69 57 -65 -59 0
-11 -35 -59 -46 1
-58 84 39 -36 1
90 -8 2 11 0
-83 -90 -4 4 1
-13 36 -63 4 0
84 85 16 -37 0
95 57 -55 -3 0
-35 24 35 -98 1
70 -37 92 -46 1
19 3 73 -47 1
-44 -57 97 -64 1
-70 -82 52 70 1
-3 89 22 78 0
63 -69 -86 -76 1
22 45 -54 -39 0
72 -1 -87 85 0
63 48 -23 -22 0
9 -48 -34 -10 1
-34 -25 -94 -43 1
-89 16 24 26 1
-32 -2 -33 46 0
12 -75 27 67 0
-84 34 -77 23 0
52 -29 -72 -74 1
92 48 39 95 0
72 67 85 -69 1
-56 5 97 3 1
51 46 -78 -26 0
-25 -90 -42 49 1
73 -66 75 -52 1
31 -41 -34 -27 1
-61 35 79 48 1
44 -28 -4 95 0
-60 -63 93 -18 1
-88 16 -46 1 1
49 -50 -84 14 0
-64 -38 39 40 1
-83 17 38 1 1
35 -88 -53 34 0
-33 -68 -44 -85 1
-9 -61 -16 13 1
53 35 -48 0 0
81 -37 62 61 0
6 10 68 41 0
72 91 -8 58 0
-24 16 -37 69 0
75 48 12 -8 0
-41 -89 31 -1 1
-49 58 52 -87 1
24 -11 -90 -63 1
-46 -70 64 58 1
36 -39 -59 -80 1
34 -95 -43 56 0
64 63 -20 29 0
50 -35 -62 78 0
-82 36 21 -62 1
2 -19 47 34 1
40 -47 88 46 1
4 -82 65 -91 1
-77 -12 78 47 1
45 10 -56 -81 1
-29 61 -5 -19 0
-59 -12 -79 -75 1
5 -78 67 6 1
52 28 15 18 0
-43 -88 43 -12 1
65 76 52 57 0
-9 -1 -31 92 0
-67 -40 -78 72 0
80 -70 -19 94 0
-33 -84 -63 36 1
30 -25 62 -84 1
97 -86 -78 -51 1
43 2 18 -16 0
79 6 82 0 0
-24 -50 -27 -16 1
0 20 -67 -86 1
15 13 -49 99 0
-14 83 84 33 0
57 -49 -3 11 0
-43 2 19 -61 1
-48 -48 -53 -41 1
-53 -65 -62 19 1
18 -97 -80 50 0
-69 47 -43 -63 1
-40 74 90 -72 1
25 57 88 90 0
11 -57 -61 95 0
15 28 75 -100 1
91 63 -73 -4 0
99 -59 -76 -73 1
-4 -5 4 -48 1
-20 -77 44 54 1
-58 21 -79 -37 1
73 48 53 -42 0
14 -4 53 93 0
-11 -10 29 28 1
23 54 -10 77 0
-98 21 -97 60 0
2 13 41 58 0
-11 -6 52 -79 1
32 28 -47 82 0
-71 6 7 0 1
-14 -6 -56 43 0
76 -75 -6 -77 1
79 82 -66 -15 0
-41 21 -27 51 0
-88 -73 12 88 1
-72 -1 76 -55 1
-15 -17 -16 17 0
40 2 45 -96 1
-21 39 74 -37 1
97 -74 26 -15 1
-100 96 2 -48 1
-92 -8 27 76 1
71 12 -70 90 0
-19 -13 68 -49 1
69 21 -37 -54 0
27 23 -60 87 0
14 25 -73 74 0
-67 94 -12 12 0
-36 94 88 -33 1
-70 46 63 76 0
-38 28 -88 62 0
-44 50 -88 78 0
55 77 80 -77 1
-63 77 41 -1 1
-35 51 -81 2 0
-93 -84 -49 78 1
27 48 79 -90 1
-91 -17 32 78 1
-41 -37 65 -92 1
63 -88 -42 89 0
-82 -28 60 70 1
46 -9 -48 38 0
10 -2 1 -48 1
-3 -26 47 -49 1
87 3 27 10 0
36 25 -97 -3 0
33 73 41 36 0
-46 -15 -71 12 0
-16 1 12 -35 1
-20 -81 37 26 1
68 15 57 14 0
21 -84 47 -93 1
-63 89 -85 -24 0
19 -18 6 19 0
11 -59 -7 38 0
-18 -87 7 94 0
79 58 -60 -9 0
81 11 -19 32 0
-39 5 -27 -54 1
17 39 51 -28 1
41 -34 -18 -20 1
29 -46 66 -56 1
-50 -64 48 12 1
18 89 -7 -7 0
12 32 -96 -50 0
-33 -99 3 -100 1
50 -16 -24 50 0
52 -25 22 69 0
-2 95 -73 -52 0
-80 -94 -12 27 1
-9 -13 48 29 1
26 98 33 -97 1
-14 0 0 60 0
85 58 19 -96 1
-65 74 46 43 0
-30 66 -29 96 0
-71 93 17 7 0
42 -36 52 50 0
-66 51 2 -90 1
-42 23 -68 -63 1
-58 76 92 54 0
-91 -70 -11 89 1
-31 66 80 96 0
39 -40 9 93 0
1 93 10 -33 0
-89 -6 66 83 1
-4 -75 13 93 0
-2 14 -97 51 0
0 -88 10 31 1
89 96 42 34 0
11 -1 18 -89 1
-77 -87 -10 -57 1
28 65 -92 40 0
-99 -34 -41 -72 1
-84 45 -22 98 0
-19 47 7 -38 1
-74 20 -79 38 0
45 -84 -91 24 0
76 99 -34 88 0
43 81 4 88 0
89 50 6 -99 1
-98 -26 -94 59 0
67 65 66 25 0
-45 34 -65 91 0
-18 -97 42 58 1
43 36 92 60 0
73 -58 98 57 0
19 48 77 55 0
71 61 -24 -48 0
32 75 69 -49 1
-85 68 44 7 1
8 -68 -54 44 0
-53 13 -81 -83 1
48 34 33 92 0
-21 93 -69 -86 0
-56 91 67 34 0
16 -23 60 31 1
-5 49 26 53 0
27 -32 69 41 1
-55 88 -94 -47 0
-2 -35 -76 -49 1
93 79 39 69 0
60 -40 73 32 0
77 -54 -6 16 0
-45 -57 -6 97 0
-22 -63 -48 -45 1
87 -39 -86 31 0
74 99 36 -8 0
78 23 49 27 0
-92 10 15 -23 1
-92 -100 9 -59 1
-92 -72 9 14 1
-73 -29 -84 -78 1
-69 -56 -86 -48 1
32 60 -88 -78 0
-89 -77 43 -38 1
-1 -87 -72 40 0
-43 -82 -99 89 0
92 -99 22 83 0
37 70 65 82 0
-33 -55 1 -25 1
89 82 -95 -75 0
-28 -24 66 -92 1
-18 -63 -77 -76 1
-39 10 -94 89 0
27 -99 54 65 1
78 -73 57 -53 1
-51 -93 -19 -91 1
7 77 -92 69 0
-1 43 98 52 0
-21 -66 -81 -12 1
55 -34 -43 1 0
-90 78 23 -47 1
-90 -46 -100 -79 1
-15 56 -89 -100 1
-15 -26 97 -89 1
-55 60 -18 -81 1
-58 -45 -24 -35 1
21 86 -17 -37 0
-53 56 -3 39 0
33 76 -3 -27 0
-93 80 62 97 0
-94 79 55 -2 1
61 -96 12 -32 1
84 -33 59 -79 1
-68 -2 -3 40 1
57 87 -1 -80 0
-65 74 0 -50 1
32 -66 82 -83 1
-92 -83 20 -3 1
-9 -62 84 -72 1
-100 -96 -27 95 1
-13 53 37 -86 1
-24 75 -80 -28 0
-30 -97 -25 21 1
-58 50 91 15 1
19 61 -22 24 0
-21 30 29 81 0
-78 60 -28 -2 0
34 33 79 -59 1
-70 -100 -11 38 1
-45 93 -72 -72 0
38 -73 -5 37 0
43 -26 -96 -29 0
-23 77 -49 49 0
78 41 -65 3 0
90 -25 -13 -77 1
67 -58 5 -76 1
68 17 -82 -67 0
45 75 55 85 0
